{
 "cells": [
  {
   "cell_type": "code",
   "execution_count": 79,
   "metadata": {},
   "outputs": [],
   "source": [
    "import pandas as pd\n",
    "import numpy as np\n",
    "from sklearn.multiclass import OneVsRestClassifier\n",
    "from sklearn.svm import SVC\n",
    "from sklearn.model_selection import train_test_split\n",
    "from sklearn.preprocessing import StandardScaler\n",
    "from sklearn.linear_model import LogisticRegression\n",
    "from sklearn.metrics import confusion_matrix "
   ]
  },
  {
   "cell_type": "code",
   "execution_count": 80,
   "metadata": {},
   "outputs": [
    {
     "data": {
      "text/html": [
       "<div>\n",
       "<style scoped>\n",
       "    .dataframe tbody tr th:only-of-type {\n",
       "        vertical-align: middle;\n",
       "    }\n",
       "\n",
       "    .dataframe tbody tr th {\n",
       "        vertical-align: top;\n",
       "    }\n",
       "\n",
       "    .dataframe thead th {\n",
       "        text-align: right;\n",
       "    }\n",
       "</style>\n",
       "<table border=\"1\" class=\"dataframe\">\n",
       "  <thead>\n",
       "    <tr style=\"text-align: right;\">\n",
       "      <th></th>\n",
       "      <th>X0</th>\n",
       "      <th>X1</th>\n",
       "      <th>X2</th>\n",
       "      <th>X3</th>\n",
       "      <th>X4</th>\n",
       "      <th>X5</th>\n",
       "      <th>X6</th>\n",
       "      <th>X7</th>\n",
       "      <th>X8</th>\n",
       "      <th>X9</th>\n",
       "      <th>...</th>\n",
       "      <th>X992</th>\n",
       "      <th>X993</th>\n",
       "      <th>X994</th>\n",
       "      <th>X995</th>\n",
       "      <th>X996</th>\n",
       "      <th>X997</th>\n",
       "      <th>X998</th>\n",
       "      <th>X999</th>\n",
       "      <th>image</th>\n",
       "      <th>label</th>\n",
       "    </tr>\n",
       "  </thead>\n",
       "  <tbody>\n",
       "    <tr>\n",
       "      <td>0</td>\n",
       "      <td>5.830000e-06</td>\n",
       "      <td>1.900000e-05</td>\n",
       "      <td>7.890000e-06</td>\n",
       "      <td>6.930000e-05</td>\n",
       "      <td>3.550000e-05</td>\n",
       "      <td>1.971940e-04</td>\n",
       "      <td>2.030000e-05</td>\n",
       "      <td>2.180000e-05</td>\n",
       "      <td>1.160000e-05</td>\n",
       "      <td>0.000848</td>\n",
       "      <td>...</td>\n",
       "      <td>4.770000e-05</td>\n",
       "      <td>1.510000e-05</td>\n",
       "      <td>3.210000e-05</td>\n",
       "      <td>3.840000e-05</td>\n",
       "      <td>3.850000e-05</td>\n",
       "      <td>8.680000e-06</td>\n",
       "      <td>2.160000e-05</td>\n",
       "      <td>0.002788</td>\n",
       "      <td>media/ml_model_images/model1 /numbers-training...</td>\n",
       "      <td>7</td>\n",
       "    </tr>\n",
       "    <tr>\n",
       "      <td>1</td>\n",
       "      <td>1.910000e-06</td>\n",
       "      <td>1.270000e-05</td>\n",
       "      <td>3.840000e-06</td>\n",
       "      <td>2.050000e-05</td>\n",
       "      <td>5.200000e-06</td>\n",
       "      <td>5.960000e-05</td>\n",
       "      <td>8.930000e-06</td>\n",
       "      <td>1.600000e-05</td>\n",
       "      <td>8.580000e-06</td>\n",
       "      <td>0.000290</td>\n",
       "      <td>...</td>\n",
       "      <td>3.410000e-05</td>\n",
       "      <td>6.990000e-06</td>\n",
       "      <td>1.430000e-05</td>\n",
       "      <td>1.220000e-05</td>\n",
       "      <td>3.580000e-05</td>\n",
       "      <td>4.170000e-06</td>\n",
       "      <td>1.680000e-05</td>\n",
       "      <td>0.000453</td>\n",
       "      <td>media/ml_model_images/model1 /numbers-training...</td>\n",
       "      <td>3</td>\n",
       "    </tr>\n",
       "    <tr>\n",
       "      <td>2</td>\n",
       "      <td>3.180000e-08</td>\n",
       "      <td>7.810000e-07</td>\n",
       "      <td>4.440000e-08</td>\n",
       "      <td>9.000000e-07</td>\n",
       "      <td>1.400000e-07</td>\n",
       "      <td>4.270000e-06</td>\n",
       "      <td>3.080000e-07</td>\n",
       "      <td>1.320000e-06</td>\n",
       "      <td>6.610000e-07</td>\n",
       "      <td>0.000007</td>\n",
       "      <td>...</td>\n",
       "      <td>2.470000e-06</td>\n",
       "      <td>6.340000e-07</td>\n",
       "      <td>1.960000e-06</td>\n",
       "      <td>1.070000e-06</td>\n",
       "      <td>4.370000e-06</td>\n",
       "      <td>2.310000e-07</td>\n",
       "      <td>1.020000e-06</td>\n",
       "      <td>0.000068</td>\n",
       "      <td>media/ml_model_images/model1 /numbers-training...</td>\n",
       "      <td>8</td>\n",
       "    </tr>\n",
       "    <tr>\n",
       "      <td>3</td>\n",
       "      <td>1.940000e-09</td>\n",
       "      <td>4.270000e-08</td>\n",
       "      <td>5.920000e-09</td>\n",
       "      <td>9.030000e-08</td>\n",
       "      <td>1.600000e-08</td>\n",
       "      <td>2.800000e-07</td>\n",
       "      <td>2.680000e-08</td>\n",
       "      <td>9.710000e-08</td>\n",
       "      <td>4.610000e-08</td>\n",
       "      <td>0.000002</td>\n",
       "      <td>...</td>\n",
       "      <td>1.600000e-07</td>\n",
       "      <td>3.090000e-08</td>\n",
       "      <td>5.370000e-08</td>\n",
       "      <td>4.210000e-08</td>\n",
       "      <td>1.080000e-07</td>\n",
       "      <td>1.390000e-08</td>\n",
       "      <td>1.070000e-07</td>\n",
       "      <td>0.000005</td>\n",
       "      <td>media/ml_model_images/model1 /numbers-training...</td>\n",
       "      <td>3</td>\n",
       "    </tr>\n",
       "    <tr>\n",
       "      <td>4</td>\n",
       "      <td>1.130000e-06</td>\n",
       "      <td>6.560000e-06</td>\n",
       "      <td>9.770000e-07</td>\n",
       "      <td>7.180000e-06</td>\n",
       "      <td>2.660000e-06</td>\n",
       "      <td>2.680000e-05</td>\n",
       "      <td>2.440000e-06</td>\n",
       "      <td>1.270000e-05</td>\n",
       "      <td>6.680000e-06</td>\n",
       "      <td>0.000171</td>\n",
       "      <td>...</td>\n",
       "      <td>3.560000e-05</td>\n",
       "      <td>7.680000e-06</td>\n",
       "      <td>2.450000e-05</td>\n",
       "      <td>1.930000e-05</td>\n",
       "      <td>3.380000e-05</td>\n",
       "      <td>5.060000e-06</td>\n",
       "      <td>7.400000e-06</td>\n",
       "      <td>0.000440</td>\n",
       "      <td>media/ml_model_images/model1 /numbers-training...</td>\n",
       "      <td>5</td>\n",
       "    </tr>\n",
       "  </tbody>\n",
       "</table>\n",
       "<p>5 rows × 1002 columns</p>\n",
       "</div>"
      ],
      "text/plain": [
       "             X0            X1            X2            X3            X4  \\\n",
       "0  5.830000e-06  1.900000e-05  7.890000e-06  6.930000e-05  3.550000e-05   \n",
       "1  1.910000e-06  1.270000e-05  3.840000e-06  2.050000e-05  5.200000e-06   \n",
       "2  3.180000e-08  7.810000e-07  4.440000e-08  9.000000e-07  1.400000e-07   \n",
       "3  1.940000e-09  4.270000e-08  5.920000e-09  9.030000e-08  1.600000e-08   \n",
       "4  1.130000e-06  6.560000e-06  9.770000e-07  7.180000e-06  2.660000e-06   \n",
       "\n",
       "             X5            X6            X7            X8        X9  ...  \\\n",
       "0  1.971940e-04  2.030000e-05  2.180000e-05  1.160000e-05  0.000848  ...   \n",
       "1  5.960000e-05  8.930000e-06  1.600000e-05  8.580000e-06  0.000290  ...   \n",
       "2  4.270000e-06  3.080000e-07  1.320000e-06  6.610000e-07  0.000007  ...   \n",
       "3  2.800000e-07  2.680000e-08  9.710000e-08  4.610000e-08  0.000002  ...   \n",
       "4  2.680000e-05  2.440000e-06  1.270000e-05  6.680000e-06  0.000171  ...   \n",
       "\n",
       "           X992          X993          X994          X995          X996  \\\n",
       "0  4.770000e-05  1.510000e-05  3.210000e-05  3.840000e-05  3.850000e-05   \n",
       "1  3.410000e-05  6.990000e-06  1.430000e-05  1.220000e-05  3.580000e-05   \n",
       "2  2.470000e-06  6.340000e-07  1.960000e-06  1.070000e-06  4.370000e-06   \n",
       "3  1.600000e-07  3.090000e-08  5.370000e-08  4.210000e-08  1.080000e-07   \n",
       "4  3.560000e-05  7.680000e-06  2.450000e-05  1.930000e-05  3.380000e-05   \n",
       "\n",
       "           X997          X998      X999  \\\n",
       "0  8.680000e-06  2.160000e-05  0.002788   \n",
       "1  4.170000e-06  1.680000e-05  0.000453   \n",
       "2  2.310000e-07  1.020000e-06  0.000068   \n",
       "3  1.390000e-08  1.070000e-07  0.000005   \n",
       "4  5.060000e-06  7.400000e-06  0.000440   \n",
       "\n",
       "                                               image  label  \n",
       "0  media/ml_model_images/model1 /numbers-training...      7  \n",
       "1  media/ml_model_images/model1 /numbers-training...      3  \n",
       "2  media/ml_model_images/model1 /numbers-training...      8  \n",
       "3  media/ml_model_images/model1 /numbers-training...      3  \n",
       "4  media/ml_model_images/model1 /numbers-training...      5  \n",
       "\n",
       "[5 rows x 1002 columns]"
      ]
     },
     "execution_count": 80,
     "metadata": {},
     "output_type": "execute_result"
    }
   ],
   "source": [
    "df = pd.read_csv(\"/Users/maggie/Desktop/featurized/final_data_model1.csv\")\n",
    "df.head()"
   ]
  },
  {
   "cell_type": "code",
   "execution_count": 81,
   "metadata": {},
   "outputs": [],
   "source": [
    "# split train input and output data\n",
    "X = df.drop(['label',\"image\"], axis=1)\n",
    "y = df['label']\n",
    "\n",
    "#Print the shape of X and Y\n",
    "# print(X.shape)\n",
    "# print(Y.shape)"
   ]
  },
  {
   "cell_type": "code",
   "execution_count": null,
   "metadata": {},
   "outputs": [],
   "source": []
  },
  {
   "cell_type": "code",
   "execution_count": 82,
   "metadata": {},
   "outputs": [],
   "source": [
    "# Split into training and test sets\n",
    "X_train, X_test, y_train, y_test = train_test_split(X, y, test_size=0.2, random_state=42)\n"
   ]
  },
  {
   "cell_type": "markdown",
   "metadata": {},
   "source": [
    "User OnevsRestClassifier in scikit learn. "
   ]
  },
  {
   "cell_type": "code",
   "execution_count": 85,
   "metadata": {},
   "outputs": [],
   "source": [
    "svm_clf = OneVsRestClassifier(SVC(kernel = 'linear', C = 1,probability = True))\n",
    "svm_model = svm_clf.fit(X_train, y_train)"
   ]
  },
  {
   "cell_type": "code",
   "execution_count": null,
   "metadata": {},
   "outputs": [],
   "source": []
  },
  {
   "cell_type": "code",
   "execution_count": 86,
   "metadata": {},
   "outputs": [],
   "source": [
    "result = svm_model.predict(X_test)"
   ]
  },
  {
   "cell_type": "code",
   "execution_count": 87,
   "metadata": {},
   "outputs": [
    {
     "data": {
      "text/plain": [
       "array([[1.90590401e-02, 1.86551612e-03, 8.95749205e-02, 7.56671439e-02,\n",
       "        7.44128393e-02, 8.48553658e-02, 6.28940286e-02, 5.71825470e-01,\n",
       "        1.98456754e-02],\n",
       "       [3.73847487e-01, 6.22162713e-02, 1.65219929e-01, 6.72842003e-02,\n",
       "        5.98777951e-02, 5.79710196e-02, 1.23892717e-01, 1.14535541e-02,\n",
       "        7.82370263e-02],\n",
       "       [1.94180538e-02, 1.68541372e-03, 8.85099679e-02, 7.05981543e-02,\n",
       "        5.57092720e-02, 7.71359360e-02, 6.08568125e-02, 5.97665168e-01,\n",
       "        2.84212223e-02],\n",
       "       [2.10759613e-02, 2.20602607e-03, 9.67582856e-02, 7.95006434e-02,\n",
       "        9.29844958e-02, 8.87477478e-02, 6.48549406e-02, 5.33775198e-01,\n",
       "        2.00967013e-02],\n",
       "       [2.39974705e-02, 2.66613909e-03, 1.13216071e-01, 7.78305070e-02,\n",
       "        1.02880244e-01, 7.86374414e-02, 7.57515858e-02, 4.78721199e-01,\n",
       "        4.62993414e-02],\n",
       "       [3.73847487e-01, 6.22162713e-02, 1.65219929e-01, 6.72842003e-02,\n",
       "        5.98777951e-02, 5.79710196e-02, 1.23892717e-01, 1.14535541e-02,\n",
       "        7.82370263e-02],\n",
       "       [3.26581865e-02, 3.91849522e-03, 1.48408272e-01, 7.74603201e-02,\n",
       "        1.68747881e-01, 8.16242350e-02, 6.42487432e-02, 3.64057337e-01,\n",
       "        5.88765301e-02],\n",
       "       [4.82290213e-02, 1.84337196e-02, 1.61064158e-01, 1.15263352e-01,\n",
       "        1.50703039e-01, 1.10550305e-01, 1.09254229e-01, 2.48253403e-01,\n",
       "        3.82487727e-02],\n",
       "       [1.72801141e-02, 1.51311025e-03, 8.32040843e-02, 7.03903640e-02,\n",
       "        5.00603717e-02, 7.79556507e-02, 5.91398097e-02, 6.17260128e-01,\n",
       "        2.31963676e-02],\n",
       "       [4.39105513e-02, 1.05649447e-02, 1.66721814e-01, 1.04807290e-01,\n",
       "        1.44649433e-01, 1.01814383e-01, 9.34378578e-02, 2.77109700e-01,\n",
       "        5.69840265e-02],\n",
       "       [4.04081362e-02, 3.48571556e-03, 1.42464324e-01, 7.64201999e-02,\n",
       "        1.01617910e-01, 8.42102367e-02, 6.37179139e-02, 4.38793006e-01,\n",
       "        4.88825580e-02],\n",
       "       [2.14672608e-02, 2.05826839e-03, 9.54888617e-02, 7.54412314e-02,\n",
       "        6.30214426e-02, 8.22293152e-02, 6.37856728e-02, 5.68815381e-01,\n",
       "        2.76925661e-02],\n",
       "       [3.17223980e-02, 1.03384622e-02, 1.23855527e-01, 9.25428391e-02,\n",
       "        7.08543967e-02, 9.61054889e-02, 8.27905617e-02, 4.18121717e-01,\n",
       "        7.36686092e-02],\n",
       "       [2.08266971e-02, 1.83500827e-03, 9.02120704e-02, 7.35268069e-02,\n",
       "        5.93905010e-02, 8.09672600e-02, 6.09771522e-02, 5.87432715e-01,\n",
       "        2.48317894e-02],\n",
       "       [2.11400016e-02, 2.30121942e-03, 9.64118532e-02, 7.60794993e-02,\n",
       "        6.28934627e-02, 8.05910578e-02, 6.63884339e-02, 5.59478036e-01,\n",
       "        3.47164361e-02],\n",
       "       [1.62013228e-02, 1.41835372e-03, 7.94407164e-02, 6.99011287e-02,\n",
       "        4.55628533e-02, 7.75187765e-02, 5.93872709e-02, 6.29477903e-01,\n",
       "        2.10916748e-02],\n",
       "       [2.08611172e-02, 1.88861192e-03, 9.00069524e-02, 7.50627863e-02,\n",
       "        5.23045433e-02, 8.11709333e-02, 6.33994443e-02, 5.92115555e-01,\n",
       "        2.31900562e-02],\n",
       "       [1.41285622e-02, 2.67771814e-02, 9.69987126e-02, 8.61614055e-02,\n",
       "        5.98017034e-02, 7.82047187e-02, 4.75542279e-01, 1.34203743e-01,\n",
       "        2.81816950e-02],\n",
       "       [2.14672608e-02, 2.05826839e-03, 9.54888617e-02, 7.54412314e-02,\n",
       "        6.30214426e-02, 8.22293152e-02, 6.37856728e-02, 5.68815381e-01,\n",
       "        2.76925661e-02],\n",
       "       [2.14863458e-02, 6.07246467e-02, 1.02847570e-01, 4.81988684e-02,\n",
       "        4.04257380e-02, 5.52378938e-02, 5.32221816e-01, 3.67421250e-02,\n",
       "        1.02114997e-01],\n",
       "       [1.94537802e-02, 1.67589444e-03, 8.67693865e-02, 7.12001810e-02,\n",
       "        5.06186127e-02, 7.83272146e-02, 5.97230690e-02, 6.07619175e-01,\n",
       "        2.46126862e-02],\n",
       "       [1.60700175e-02, 1.40641073e-03, 7.91539026e-02, 6.97947296e-02,\n",
       "        4.52940624e-02, 7.73512741e-02, 5.93867169e-02, 6.30509476e-01,\n",
       "        2.10334097e-02],\n",
       "       [2.61217472e-01, 3.35585901e-02, 2.01984958e-01, 9.56803002e-02,\n",
       "        6.02058059e-02, 8.28656250e-02, 6.53935310e-02, 1.57920914e-01,\n",
       "        4.11728049e-02],\n",
       "       [2.52748530e-02, 5.77787179e-03, 1.21673361e-01, 9.34194294e-02,\n",
       "        2.07841031e-01, 9.33253911e-02, 9.79495633e-02, 3.27186899e-01,\n",
       "        2.75516003e-02],\n",
       "       [3.17223980e-02, 1.03384622e-02, 1.23855527e-01, 9.25428391e-02,\n",
       "        7.08543967e-02, 9.61054889e-02, 8.27905617e-02, 4.18121717e-01,\n",
       "        7.36686092e-02],\n",
       "       [5.86378341e-03, 3.12597292e-01, 1.12196924e-02, 1.51575303e-01,\n",
       "        1.03256358e-03, 1.02098892e-01, 3.70683241e-01, 4.48795519e-02,\n",
       "        4.96809561e-05],\n",
       "       [6.16064601e-01, 3.15180466e-02, 1.21090028e-01, 6.38425086e-02,\n",
       "        2.72810456e-02, 5.41664501e-02, 4.11659871e-02, 1.40696684e-02,\n",
       "        3.08016652e-02],\n",
       "       [1.45153519e-02, 2.56522656e-03, 9.48505675e-02, 7.59958989e-02,\n",
       "        1.52534531e-01, 6.72995651e-02, 1.05608081e-01, 4.37041112e-01,\n",
       "        4.95896658e-02],\n",
       "       [8.06394138e-03, 7.66689204e-01, 1.90942448e-02, 6.25397722e-02,\n",
       "        1.27362911e-03, 9.64112661e-02, 7.06920935e-03, 2.67596990e-02,\n",
       "        1.20990336e-02],\n",
       "       [1.62914532e-02, 1.42664884e-03, 8.00058766e-02, 7.00349541e-02,\n",
       "        4.67579684e-02, 7.73221441e-02, 5.96899964e-02, 6.26948693e-01,\n",
       "        2.15222656e-02],\n",
       "       [1.64581278e-02, 1.48093111e-03, 8.22700753e-02, 7.06107643e-02,\n",
       "        4.91040357e-02, 7.76219902e-02, 5.99005967e-02, 6.19956597e-01,\n",
       "        2.25968819e-02],\n",
       "       [2.60831366e-02, 5.62002649e-01, 6.42753480e-02, 7.01716279e-02,\n",
       "        2.09927945e-02, 9.32833443e-02, 2.78949862e-02, 3.38063134e-02,\n",
       "        1.01489800e-01],\n",
       "       [5.83555147e-03, 4.92512561e-01, 2.74399123e-02, 1.36008364e-01,\n",
       "        1.54472531e-02, 1.05489228e-01, 1.65860729e-01, 4.95481556e-02,\n",
       "        1.85824595e-03],\n",
       "       [2.25083419e-02, 3.24978501e-03, 1.09981752e-01, 8.23433115e-02,\n",
       "        8.04387946e-02, 8.12126584e-02, 8.35896944e-02, 4.88342339e-01,\n",
       "        4.83333227e-02],\n",
       "       [5.64346437e-02, 1.03110594e-01, 1.68793533e-01, 1.52056291e-01,\n",
       "        2.51683747e-02, 1.08893289e-01, 2.31161252e-01, 1.35963870e-01,\n",
       "        1.84181532e-02],\n",
       "       [3.19620254e-02, 5.79280539e-03, 1.45060661e-01, 8.56227670e-02,\n",
       "        2.03986509e-01, 9.12577133e-02, 7.66201868e-02, 3.06278389e-01,\n",
       "        5.34189419e-02],\n",
       "       [2.87870141e-02, 3.37645326e-03, 1.22550805e-01, 7.80543662e-02,\n",
       "        8.73418260e-02, 8.18700571e-02, 7.71083270e-02, 4.67339153e-01,\n",
       "        5.35719989e-02],\n",
       "       [6.59812083e-02, 2.16919970e-02, 1.39641646e-01, 8.03461349e-02,\n",
       "        1.82612670e-01, 9.06083659e-02, 5.46164289e-02, 2.06864825e-01,\n",
       "        1.57636723e-01],\n",
       "       [2.51426307e-02, 2.96153624e-03, 1.08311720e-01, 7.98768573e-02,\n",
       "        2.35146234e-01, 8.08903918e-02, 6.91580966e-02, 3.68441721e-01,\n",
       "        3.00708127e-02],\n",
       "       [3.01383098e-02, 2.80339451e-03, 1.00161356e-01, 8.34833016e-02,\n",
       "        6.27155154e-02, 8.81501436e-02, 6.42582235e-02, 5.50132523e-01,\n",
       "        1.81572320e-02]])"
      ]
     },
     "execution_count": 87,
     "metadata": {},
     "output_type": "execute_result"
    }
   ],
   "source": [
    "prob = svm_model.predict_proba(X_test)\n",
    "prob"
   ]
  },
  {
   "cell_type": "code",
   "execution_count": 88,
   "metadata": {},
   "outputs": [],
   "source": [
    "# result\n",
    "# y_test"
   ]
  },
  {
   "cell_type": "code",
   "execution_count": 89,
   "metadata": {},
   "outputs": [
    {
     "data": {
      "text/plain": [
       "0.6"
      ]
     },
     "execution_count": 89,
     "metadata": {},
     "output_type": "execute_result"
    }
   ],
   "source": [
    "accuracy = svm_model.score(X_test, y_test)\n",
    "accuracy"
   ]
  },
  {
   "cell_type": "code",
   "execution_count": 90,
   "metadata": {},
   "outputs": [],
   "source": [
    "cm = confusion_matrix(y_test, result) \n",
    "# cm"
   ]
  },
  {
   "cell_type": "code",
   "execution_count": null,
   "metadata": {},
   "outputs": [],
   "source": []
  },
  {
   "cell_type": "markdown",
   "metadata": {},
   "source": [
    "Use Logistic Regression "
   ]
  },
  {
   "cell_type": "code",
   "execution_count": 91,
   "metadata": {},
   "outputs": [],
   "source": [
    "clf = LogisticRegression(random_state=0, multi_class='ovr')\n",
    "model = clf.fit(X_train, y_train)\n"
   ]
  },
  {
   "cell_type": "code",
   "execution_count": 92,
   "metadata": {},
   "outputs": [
    {
     "data": {
      "text/plain": [
       "array([8, 7, 8, 8, 8, 7, 8, 8, 8, 8, 8, 8, 8, 8, 8, 8, 8, 8, 8, 7, 8, 8,\n",
       "       8, 8, 8, 7, 7, 8, 1, 8, 8, 1, 1, 8, 7, 8, 8, 8, 8, 8])"
      ]
     },
     "execution_count": 92,
     "metadata": {},
     "output_type": "execute_result"
    }
   ],
   "source": [
    "result = model.predict(X_test)\n",
    "result\n"
   ]
  },
  {
   "cell_type": "code",
   "execution_count": 93,
   "metadata": {},
   "outputs": [
    {
     "data": {
      "text/plain": [
       "0.45"
      ]
     },
     "execution_count": 93,
     "metadata": {},
     "output_type": "execute_result"
    }
   ],
   "source": [
    "score = model.score(X_test,y_test)\n",
    "score"
   ]
  },
  {
   "cell_type": "code",
   "execution_count": 94,
   "metadata": {},
   "outputs": [
    {
     "data": {
      "text/plain": [
       "array([7, 3, 8, 5, 6, 0, 4, 1, 9])"
      ]
     },
     "execution_count": 94,
     "metadata": {},
     "output_type": "execute_result"
    }
   ],
   "source": [
    "prob = model.predict_proba(X_test)\n",
    "y.unique()\n"
   ]
  },
  {
   "cell_type": "code",
   "execution_count": 95,
   "metadata": {},
   "outputs": [
    {
     "data": {
      "text/plain": [
       "array([[0.02614773, 0.02109224, 0.13625101, 0.0923005 , 0.07778356,\n",
       "        0.06189148, 0.07141188, 0.4555009 , 0.05762071],\n",
       "       [0.08531882, 0.19066666, 0.04417227, 0.06582313, 0.10934258,\n",
       "        0.18203936, 0.23697879, 0.04274113, 0.04291726],\n",
       "       [0.0231377 , 0.01833659, 0.14000782, 0.0897288 , 0.07084171,\n",
       "        0.05363228, 0.06309432, 0.48451929, 0.05670149],\n",
       "       [0.02873486, 0.02412176, 0.13323746, 0.0939609 , 0.08255008,\n",
       "        0.06834527, 0.07873243, 0.43182738, 0.05848986],\n",
       "       [0.0288218 , 0.02592215, 0.13321041, 0.09322956, 0.08014849,\n",
       "        0.06665933, 0.07951656, 0.43345794, 0.05903377],\n",
       "       [0.08531882, 0.19066666, 0.04417227, 0.06582313, 0.10934258,\n",
       "        0.18203936, 0.23697879, 0.04274113, 0.04291726],\n",
       "       [0.03606592, 0.03610043, 0.12507528, 0.09657583, 0.09156654,\n",
       "        0.08390077, 0.10017503, 0.36961322, 0.06092698],\n",
       "       [0.05127089, 0.07099961, 0.10582064, 0.09655789, 0.10421901,\n",
       "        0.11426079, 0.14605843, 0.24843661, 0.06237613],\n",
       "       [0.02236409, 0.01718704, 0.14102446, 0.08931761, 0.06986762,\n",
       "        0.05210466, 0.06081123, 0.49105962, 0.05626367],\n",
       "       [0.04697158, 0.05785791, 0.1118774 , 0.09763901, 0.10254235,\n",
       "        0.10687664, 0.13229172, 0.28159739, 0.06234599],\n",
       "       [0.03268385, 0.03124717, 0.12890775, 0.09513502, 0.08617954,\n",
       "        0.07564251, 0.09040328, 0.39962018, 0.06018069],\n",
       "       [0.02581373, 0.02139877, 0.13668277, 0.09167176, 0.07592462,\n",
       "        0.06019015, 0.0706561 , 0.45992382, 0.05773829],\n",
       "       [0.03820145, 0.0461225 , 0.12247042, 0.09539369, 0.0880697 ,\n",
       "        0.08371691, 0.10818442, 0.3554809 , 0.06236001],\n",
       "       [0.02462468, 0.01983907, 0.13811985, 0.09093903, 0.07400986,\n",
       "        0.05749039, 0.06723344, 0.47051785, 0.05722582],\n",
       "       [0.02592717, 0.02214755, 0.13654459, 0.09144948, 0.0751911 ,\n",
       "        0.05980843, 0.07120631, 0.45975527, 0.05797009],\n",
       "       [0.02168401, 0.01638005, 0.1419536 , 0.08883049, 0.06865727,\n",
       "        0.05053109, 0.05887391, 0.49714599, 0.05594359],\n",
       "       [0.02455242, 0.01989638, 0.13821194, 0.09080469, 0.07360712,\n",
       "        0.05713653, 0.06707477, 0.47147342, 0.05724273],\n",
       "       [0.05696976, 0.09365779, 0.09668702, 0.09363068, 0.10444192,\n",
       "        0.12277752, 0.16531396, 0.2047911 , 0.06173025],\n",
       "       [0.02581373, 0.02139877, 0.13668277, 0.09167176, 0.07592462,\n",
       "        0.06019015, 0.0706561 , 0.45992382, 0.05773829],\n",
       "       [0.07263145, 0.16033865, 0.06749585, 0.08000422, 0.10494253,\n",
       "        0.14978783, 0.21165368, 0.09911554, 0.05403025],\n",
       "       [0.02308833, 0.018211  , 0.14006802, 0.08973286, 0.07086023,\n",
       "        0.05359288, 0.06292666, 0.48487107, 0.05664896],\n",
       "       [0.02158388, 0.01627156, 0.14209347, 0.08875171, 0.0684604 ,\n",
       "        0.0502877 , 0.05859229, 0.49805901, 0.05589998],\n",
       "       [0.05671202, 0.09651574, 0.09811463, 0.09275102, 0.09989261,\n",
       "        0.1173977 , 0.16235043, 0.21358944, 0.06267641],\n",
       "       [0.04096809, 0.0441937 , 0.11923494, 0.09792475, 0.09835496,\n",
       "        0.0956126 , 0.11472005, 0.32736131, 0.06162961],\n",
       "       [0.03820145, 0.0461225 , 0.12247042, 0.09539369, 0.0880697 ,\n",
       "        0.08371691, 0.10818442, 0.3554809 , 0.06236001],\n",
       "       [0.0760224 , 0.2161387 , 0.05374419, 0.06960511, 0.09373642,\n",
       "        0.14822659, 0.2279395 , 0.06623673, 0.04835037],\n",
       "       [0.08319625, 0.16124254, 0.05123461, 0.07240984, 0.11730299,\n",
       "        0.18381065, 0.229002  , 0.05567565, 0.04612546],\n",
       "       [0.02767973, 0.02542974, 0.13449336, 0.09222815, 0.07705171,\n",
       "        0.06314045, 0.07685043, 0.44419694, 0.05892949],\n",
       "       [0.07838638, 0.29227815, 0.03972138, 0.05615867, 0.07801982,\n",
       "        0.13855158, 0.23547013, 0.03966705, 0.04174686],\n",
       "       [0.02172855, 0.01644857, 0.14189229, 0.08885391, 0.06870989,\n",
       "        0.05061613, 0.0590096 , 0.49676911, 0.05597196],\n",
       "       [0.02213043, 0.01691967, 0.14133802, 0.08914984, 0.06944337,\n",
       "        0.05155946, 0.06015791, 0.49314337, 0.05615793],\n",
       "       [0.07767768, 0.26163444, 0.04619628, 0.06186972, 0.08370977,\n",
       "        0.14058065, 0.23144534, 0.05149403, 0.0453921 ],\n",
       "       [0.07514125, 0.23818766, 0.05246498, 0.06703564, 0.08703112,\n",
       "        0.1395126 , 0.22745496, 0.06493076, 0.04824103],\n",
       "       [0.0295602 , 0.02769697, 0.13236872, 0.09332291, 0.08029616,\n",
       "        0.06764157, 0.08190057, 0.427747  , 0.0594659 ],\n",
       "       [0.06398008, 0.13520739, 0.08384813, 0.0868629 , 0.09882009,\n",
       "        0.12813086, 0.18797875, 0.15532762, 0.05984421],\n",
       "       [0.04194438, 0.04561513, 0.11812699, 0.09805812, 0.09961211,\n",
       "        0.09783352, 0.11719716, 0.3198873 , 0.06172529],\n",
       "       [0.03075603, 0.02914967, 0.13104854, 0.09399834, 0.08241784,\n",
       "        0.07056256, 0.08516782, 0.41710764, 0.05979155],\n",
       "       [0.05184482, 0.07749103, 0.10495923, 0.09544753, 0.10126879,\n",
       "        0.11209757, 0.14836007, 0.24566456, 0.06286639],\n",
       "       [0.0349646 , 0.0328133 , 0.12623333, 0.09684801, 0.09224774,\n",
       "        0.08314837, 0.09677929, 0.37664477, 0.0603206 ],\n",
       "       [0.02844806, 0.02521348, 0.13363008, 0.09305924, 0.0796571 ,\n",
       "        0.06590652, 0.07828044, 0.4369874 , 0.05881768]])"
      ]
     },
     "execution_count": 95,
     "metadata": {},
     "output_type": "execute_result"
    }
   ],
   "source": [
    "prob"
   ]
  },
  {
   "cell_type": "code",
   "execution_count": null,
   "metadata": {},
   "outputs": [],
   "source": [
    "\n"
   ]
  },
  {
   "cell_type": "code",
   "execution_count": null,
   "metadata": {},
   "outputs": [],
   "source": []
  },
  {
   "cell_type": "code",
   "execution_count": null,
   "metadata": {},
   "outputs": [],
   "source": []
  }
 ],
 "metadata": {
  "kernelspec": {
   "display_name": "Python 3",
   "language": "python",
   "name": "python3"
  },
  "language_info": {
   "codemirror_mode": {
    "name": "ipython",
    "version": 3
   },
   "file_extension": ".py",
   "mimetype": "text/x-python",
   "name": "python",
   "nbconvert_exporter": "python",
   "pygments_lexer": "ipython3",
   "version": "3.7.4"
  }
 },
 "nbformat": 4,
 "nbformat_minor": 2
}
